-126.07 -360.52 635.59 152.34
-132.87 -143.4 -882.91 -567.12
186.14 131.65 -388.77 -71.0
899.08 1140.34 355.0 -11.9
502.69 688.12 -962.89 -640.49
-217.93 -228.03 -168.91 -605.21
-883.2 -1070.09 633.14 1082.72
683.94 801.63 604.92 136.72
385.97 367.5 393.63 354.26
412.08 179.19 -222.24 122.11
773.46 933.02 411.85 485.9
-145.34 39.53 642.57 358.18
144.55 303.0 519.91 761.37
723.02 1004.45 -211.24 -321.93
-797.16 -1062.9 50.43 -82.15
-592.86 -169.77 -656.24 -688.77
26.04 29.82 -969.98 -718.09
-663.53 -343.89 -187.56 -417.6
803.18 1065.98 -79.84 -524.96
-461.63 -534.33 350.33 518.02
-864.97 -1343.28 833.47 527.67
-888.78 -819.94 666.42 861.21
547.23 841.19 758.39 549.69
104.7 -386.26 -966.11 -736.99
-830.12 -384.08 -768.78 -703.23
676.97 686.61 -138.09 -483.5
-141.41 -484.22 -199.79 -17.1
-914.01 -1407.61 338.53 149.14
-950.18 -1354.58 482.22 177.39
931.64 929.77 -581.11 -615.03
-733.83 -901.51 -595.69 -283.16
-20.09 -266.29 848.93 925.15
449.8 603.04 -862.65 -1057.82
419.67 -10.28 -880.7 -496.28
-30.2 27.51 -888.89 -836.37
-135.24 -190.47 741.69 356.95
-513.43 -850.35 321.73 427.08
-106.72 344.31 -512.08 -402.09
38.51 -293.16 -907.85 -1191.03
660.97 433.51 167.16 -143.76
-225.6 -176.72 278.92 201.61
540.61 611.53 -278.71 -274.32
-376.25 -810.89 -894.51 -1362.46
798.43 1161.21 -378.64 -873.44
708.08 612.61 943.2 1280.59
-227.14 -611.1 -78.09 208.56
598.54 973.96 -157.27 87.33
262.98 467.5 -344.33 -602.5
919.45 1254.71 660.81 689.77
660.5 367.04 -405.54 -77.11
-382.77 -85.82 398.93 160.46
848.16 1314.85 813.33 663.95
968.77 1277.83 176.91 -182.35
-70.87 -481.61 -112.39 -247.01
-492.67 -957.26 362.78 312.93
-431.98 -421.2 964.71 1135.04
-259.96 -377.0 826.12 645.9
-674.98 -236.67 -36.53 -333.55
283.86 50.31 897.88 1000.78
617.61 357.59 -969.27 -970.82
180.7 133.79 -635.07 -180.26
-399.34 -823.07 -146.76 -641.98
986.5 908.66 969.75 1239.45
-888.12 -1034.81 725.61 956.51
-865.45 -599.96 282.28 -64.7
-772.02 -808.96 -645.94 -1008.23
660.31 244.23 -73.09 364.28
-974.19 -1280.04 -823.27 -1184.18
-70.12 -75.81 -982.79 -608.71
281.09 -213.15 -171.87 68.94
-56.1 305.12 490.2 567.0
-178.99 169.39 -19.16 -130.13
-483.0 -440.34 122.55 -168.88
180.16 269.71 454.23 751.19
370.02 863.66 284.79 206.42
-14.72 -188.62 117.9 382.6
-880.36 -1351.25 -382.19 -392.48
-186.75 -617.62 -339.39 -704.61
708.81 218.25 -704.14 -557.14
-925.49 -1119.96 -175.88 -556.94
-440.35 -861.31 -963.65 -691.16
87.56 -161.07 -434.93 -897.29
-30.43 336.96 720.79 489.83
-848.7 -1116.82 -175.28 185.64
-482.03 -619.04 329.53 96.92
-314.25 -355.44 412.71 12.48
325.51 533.64 23.98 88.07
342.81 120.02 -179.41 -32.41
109.7 -108.74 455.34 665.0
-454.51 -38.39 922.67 513.44
215.91 314.26 -418.76 61.64
-418.54 40.56 -549.04 -1006.53
-943.0 -688.38 -385.09 -252.12
-365.31 -611.24 -104.5 83.34
155.36 341.57 -195.19 -476.82
70.77 508.71 60.14 -131.2
602.46 830.31 -797.84 -304.29
-227.53 -71.97 -251.6 -84.84
-649.9 -1060.61 -59.84 -261.49
-624.77 -875.02 -660.33 -1131.88
