399.93 657.1 -207.59 -56.66
120.42 -332.56 -709.24 -629.27
-205.23 -361.95 856.5 887.74
497.67 683.15 373.65 320.60999999999996
-599.31 -258.8399999999999 -748.65 -268.25
25.25 -164.6 420.11 611.62
-126.93 -38.17 -880.97 -980.54
-44.49 -101.88 -84.58 212.73000000000002
-403.39 55.34000000000003 -662.11 -324.55
543.72 225.39000000000004 -615.32 -748.21
287.84 563.78 205.93 -58.79000000000002
825.54 663.6099999999999 -344.97 -810.99
770.07 1249.16 50.44 -324.68
-748.31 -462.49999999999994 527.58 408.12000000000006
-551.0 -860.23 -155.92 253.98
-630.07 -302.35 392.18 555.27
681.64 268.03 -51.77 -245.79000000000002
-642.35 -1140.43 -478.51 -166.46999999999997
745.52 390.16999999999996 -603.79 -1015.31
-313.48 -295.96000000000004 483.13 550.3199999999999
-283.71 -311.67999999999995 -502.49 -898.55
-404.09 -226.2 -411.13 -302.09
-833.55 -1158.1299999999999 730.62 437.63
512.32 466.13000000000005 -391.99 -203.92000000000002
481.68 352.02 -50.94 -295.64
686.57 804.23 -89.14 -351.8
-596.87 -795.56 -32.99 322.34999999999997
270.49 471.94 -419.05 -527.5600000000001
124.04 48.650000000000006 -643.47 -648.73
-49.27 103.32 -323.88 -511.73
-790.3 -1009.0899999999999 -241.93 -108.47
-533.31 -269.38999999999993 -43.44 196.23
577.41 80.57999999999998 888.38 926.15
-84.09 -63.28 -35.69 -511.09
190.62 179.27 835.04 547.31
-178.65 -561.42 -630.99 -1011.47
535.11 828.9300000000001 38.2 -311.16
458.07 17.920000000000016 94.37 414.21
824.02 632.5 -794.8 -1051.59
-47.15 -179.72 -685.07 -724.83
356.08 599.06 -601.13 -1088.6100000000001
-648.74 -1099.72 -350.09 -468.78999999999996
-173.85 -417.25 -813.52 -746.46
853.0 436.57 747.19 724.3000000000001
-635.7 -861.59 754.8 711.4
629.66 951.3399999999999 167.01 57.889999999999986
107.14 -56.80999999999999 863.02 1090.27
172.33 651.77 -765.25 -1132.91
435.01 484.85 -880.02 -518.0
-309.13 -638.48 589.32 682.21
-9.81 405.36 -679.38 -567.19
-505.29 -95.24000000000001 -686.45 -1160.91
-162.33 -173.44 68.89 217.08999999999997
-825.64 -764.1899999999999 -211.41 -556.23
80.85 138.48 586.67 178.59999999999997
-80.53 269.89 -178.82 66.20000000000002
-197.9 -322.28 871.85 985.77
124.43 48.94000000000001 556.07 591.1400000000001
-390.69 -657.63 96.84 186.57
279.96 695.14 -244.28 -181.48000000000002
149.04 364.46 -540.97 -412.37
-310.09 -30.779999999999973 767.85 983.87
-533.5 -88.19 627.35 899.1600000000001
-39.31 -439.24 481.18 174.20999999999998
328.19 821.02 302.4 116.86999999999998
182.72 -299.63 -609.17 -604.61
756.98 909.6 121.15 305.82
217.57 213.29 -872.23 -1341.06
-567.93 -1037.4499999999998 -474.49 -827.6500000000001
-11.98 -310.86 -781.12 -986.06
794.99 304.43 -47.58 -191.60000000000002
271.8 -122.17000000000002 -370.95 -711.5
196.29 321.33 869.93 1331.58
845.31 1295.8799999999999 573.38 801.64
-11.64 -172.14999999999998 634.88 918.0699999999999
-445.12 -80.67000000000002 -455.36 -241.02
392.5 -22.79000000000002 -233.07 31.840000000000032
-62.69 -500.08 -598.2 -635.3900000000001
488.16 161.73000000000002 -15.9 -210.89000000000001
-227.62 -444.12 89.88 102.14999999999999
560.0 423.47 -98.76 288.84000000000003
229.17 685.83 14.46 -159.73
884.19 824.97 -646.56 -945.16
452.56 731.81 -543.39 -466.64
458.6 391.83000000000004 -76.12 110.46000000000001
-602.06 -1009.25 -600.47 -278.75
-646.82 -308.76000000000005 -166.17 -150.89999999999998
655.37 987.45 675.22 1020.32
-332.49 -828.24 656.54 372.67999999999995
748.4 605.92 -602.17 -404.03999999999996
-353.81 44.579999999999984 727.56 1023.8399999999999
179.65 499.82000000000005 -856.25 -893.71
238.54 -117.07000000000002 227.74 635.61
-538.32 -978.1200000000001 617.51 678.45
-833.88 -1080.69 772.06 870.17
248.06 -160.42000000000002 -687.7 -1163.81
-566.12 -537.85 275.93 -156.98000000000002
-93.92 183.51 -479.56 -885.69
-120.95 -5.260000000000005 678.85 499.21000000000004
614.96 189.47000000000003 766.1 1151.21
